index,month,sum,year
0,1,17327.967028486808,1960
1,2,15705.027801608905,1960
2,3,17336.96309860418,1960
3,4,16763.550407783292,1960
4,5,17346.244641637113,1960
5,6,16772.522566048458,1960
6,7,17355.52618467004,1960
7,8,17360.245613330855,1960
8,9,16786.056838685745,1960
9,10,17369.527156363783,1960
10,11,16795.028996950907,1960
11,12,17378.808699396715,1960
12,1,17383.52812805753,1961
13,2,15950.272479813544,1961
14,3,17392.60241296811,1961
15,4,16817.335078335087,1961
16,5,17401.88395600104,1961
17,6,16826.307236600253,1961
18,7,17411.165499033974,1961
19,8,17415.884927694784,1961
20,9,16839.84150923754,1961
21,10,17425.166470727712,1961
22,11,16848.8136675027,1961
23,12,17434.44801376064,1961
24,1,17439.167442421454,1962
25,2,15750.3919104727,1962
26,3,17448.14601807914,1962
27,4,16871.027229942418,1962
28,5,17457.42756111207,1962
29,6,16879.999388207583,1962
30,7,17466.709104144997,1962
31,8,17471.428532805814,1962
32,9,16893.53366084487,1962
33,10,17480.710075838746,1962
34,11,16902.505819110036,1962
35,12,17489.991618871674,1962
36,1,17494.711047532484,1963
37,2,15870.96630017287,1963
38,3,17503.687088957704,1963
39,4,16924.716931791692,1963
40,5,17512.968631990632,1963
41,6,16933.68909005686,1963
42,7,17522.250175023564,1963
43,8,17526.969603684374,1963
44,9,16947.223362694145,1963
45,10,17536.251146717306,1963
46,11,16956.19552095931,1963
47,12,17545.532689750235,1963
48,1,17550.25211841105,1964
49,2,15906.45761421295,1964
50,3,17559.24818852842,1964
51,4,16978.425994710058,1964
52,5,17568.52973156135,1964
53,6,16987.398152975224,1964
54,7,17577.81127459428,1964
55,8,17582.530703255095,1964
56,9,17000.932425612507,1964
57,10,17591.812246288024,1964
58,11,17009.904583877676,1964
59,12,17601.093789320956,1964
60,1,17605.813217981762,1965
61,2,16155.386209177823,1965
62,3,17614.88750289235,1965
63,4,17032.210665261853,1965
64,5,17624.16904592528,1965
65,6,17041.182823527022,1965
66,7,17633.450588958214,1965
67,8,17638.17001761902,1965
68,9,17054.717096164306,1965
69,10,17647.45156065195,1965
70,11,17063.68925442947,1965
71,12,17656.73310368488,1965
72,1,17661.452532345695,1966
73,2,15950.997734025492,1966
74,3,17670.431108003384,1966
75,4,17085.902816869184,1966
76,5,17679.71265103631,1966
77,6,17094.874975134346,1966
78,7,17688.994194069237,1966
79,8,17693.71362273005,1966
80,9,17108.409247771633,1966
81,10,17702.995165762986,1966
82,11,17117.3814060368,1966
83,12,17712.27670879591,1966
84,1,17716.99613745673,1967
85,2,16071.452761376502,1967
86,3,17725.972178881944,1967
87,4,17139.592518718462,1967
88,5,17735.253721914876,1967
89,6,17148.564676983628,1967
90,7,17744.5352649478,1967
91,8,17749.25469360862,1967
92,9,17162.098949620908,1967
93,10,17758.536236641543,1967
94,11,17171.071107886077,1967
95,12,17767.81777967448,1967
96,1,17772.53720833529,1968
97,2,16107.887426816991,1968
98,3,17781.53327845266,1968
99,4,17193.301581636824,1968
100,5,17790.814821485594,1968
101,6,17202.27373990199,1968
102,7,17800.096364518522,1968
103,8,17804.815793179332,1968
104,9,17215.80801253927,1968
105,10,17814.097336212264,1968
106,11,17224.780170804435,1968
107,12,17823.378879245196,1968
108,1,17828.098307906006,1969
109,2,16360.499938542102,1969
110,3,17837.17259281659,1969
111,4,17247.08625218862,1969
112,5,17846.454135849515,1969
113,6,17256.05841045379,1969
114,7,17855.73567888245,1969
115,8,17860.45510754326,1969
116,9,17269.59268309107,1969
117,10,17869.736650576193,1969
118,11,17278.564841356234,1969
119,12,17879.018193609118,1969
120,1,17883.737622269935,1970
121,2,16151.603557578286,1970
122,3,17892.71619792762,1970
123,4,17300.77840379595,1970
124,5,17901.997740960553,1970
125,6,17309.750562061115,1970
126,7,17911.279283993477,1970
127,8,17915.99871265429,1970
128,9,17323.284834698396,1970
129,10,17925.28025568722,1970
130,11,17332.256992963565,1970
131,12,17934.56179872015,1970
132,1,17939.281227380965,1971
133,2,16271.939222580128,1971
134,3,17948.257268806185,1971
135,4,17354.468105645225,1971
136,5,17957.538811839113,1971
137,6,17363.440263910394,1971
138,7,17966.820354872045,1971
139,8,17971.539783532855,1971
140,9,17376.974536547677,1971
141,10,17980.821326565787,1971
142,11,17385.946694812843,1971
143,12,17990.10286959872,1971
144,1,17994.822298259525,1972
145,2,16309.317239421027,1972
146,3,18003.8183683769,1972
147,4,17408.177168563587,1972
148,5,18013.09991140983,1972
149,6,17417.149326828752,1972
150,7,18022.381454442766,1972
151,8,18027.100883103576,1972
152,9,17430.683599466032,1972
153,10,18036.3824261365,1972
154,11,17439.6557577312,1972
155,12,18045.663969169433,1972
156,1,18050.383397830246,1973
157,2,16565.61366790638,1973
158,3,18059.45768274083,1973
159,4,17461.961839115385,1973
160,5,18068.739225773763,1973
161,6,17470.933997380547,1973
162,7,18078.020768806688,1973
163,8,18082.740197467498,1973
164,9,17484.46827001783,1973
165,10,18092.02174050043,1973
166,11,17493.440428283,1973
167,12,18101.303283533365,1973
168,1,18106.02271219417,1974
169,2,16352.209381131077,1974
170,3,18115.001287851857,1974
171,4,17515.653990722712,1974
172,5,18124.282830884793,1974
173,6,17524.626148987878,1974
174,7,18133.56437391772,1974
175,8,18138.28380257853,1974
176,9,17538.16042162516,1974
177,10,18147.565345611463,1974
178,11,17547.132579890327,1974
179,12,18156.84688864439,1974
180,1,18161.5663173052,1975
181,2,16472.425683783757,1975
182,3,18170.542358730425,1975
183,4,17569.34369257199,1975
184,5,18179.823901763353,1975
185,6,17578.31585083716,1975
186,7,18189.105444796285,1975
187,8,18193.824873457095,1975
188,9,17591.850123474444,1975
189,10,18203.106416490027,1975
190,11,17600.822281739605,1975
191,12,18212.387959522955,1975
192,1,18217.10738818377,1976
193,2,16510.74705202507,1976
194,3,18226.103458301142,1976
195,4,17623.052755490353,1976
196,5,18235.38500133407,1976
197,6,17632.02491375552,1976
198,7,18244.666544367,1976
199,8,18249.385973027813,1976
200,9,17645.559186392802,1976
201,10,18258.667516060745,1976
202,11,17654.531344657968,1976
203,12,18267.949059093673,1976
204,1,18272.668487754487,1977
205,2,16770.727397270653,1977
206,3,18281.74277266507,1977
207,4,17676.83742604215,1977
208,5,18291.024315698,1977
209,6,17685.809584307313,1977
210,7,18300.30585873093,1977
211,8,18305.025287391745,1977
212,9,17699.3438569446,1977
213,10,18314.30683042467,1977
214,11,17708.316015209766,1977
215,12,18323.5883734576,1977
216,1,18328.307802118416,1978
217,2,16552.815204683866,1978
218,3,18337.2863777761,1978
219,4,17730.529577649482,1978
220,5,18346.567920809026,1978
221,6,17739.501735914644,1978
222,7,18355.849463841958,1978
223,8,18360.56889250277,1978
224,9,17753.036008551928,1978
225,10,18369.850435535704,1978
226,11,17762.008166817097,1978
227,12,18379.131978568632,1978
228,1,18383.851407229442,1979
229,2,16672.912144987386,1979
230,3,18392.827448654665,1979
231,4,17784.219279498757,1979
232,5,18402.108991687594,1979
233,6,17793.191437763922,1979
234,7,18411.390534720522,1979
235,8,18416.109963381336,1979
236,9,17806.72571040121,1979
237,10,18425.391506414264,1979
238,11,17815.69786866637,1979
239,12,18434.673049447196,1979
240,1,18439.39247810801,1980
241,2,16712.17686462911,1980
242,3,18448.388548225383,1980
243,4,17837.92834241712,1980
244,5,18457.670091258315,1980
245,6,17846.900500682284,1980
246,7,18466.951634291243,1980
247,8,18471.671062952053,1980
248,9,17860.434773319565,1980
249,10,18480.95260598498,1980
250,11,17869.406931584734,1980
251,12,18490.234149017913,1980
252,1,18494.953577678723,1981
253,2,16975.841126634932,1981
254,3,18504.02786258931,1981
255,4,17891.713012968918,1981
256,5,18513.30940562224,1981
257,6,17900.68517123408,1981
258,7,18522.590948655168,1981
259,8,18527.310377315982,1981
260,9,17914.219443871367,1981
261,10,18536.591920348914,1981
262,11,17923.19160213653,1981
263,12,18545.87346338184,1981
264,1,18550.592892042652,1982
265,2,16753.42102823666,1982
266,3,18559.57146770034,1982
267,4,17945.405164576245,1982
268,5,18568.85301073327,1982
269,6,17954.377322841414,1982
270,7,18578.134553766202,1982
271,8,18582.853982427012,1982
272,9,17967.911595478694,1982
273,10,18592.13552545994,1982
274,11,17976.883753743856,1982
275,12,18601.417068492872,1982
276,1,18615.37625681258,1983
277,2,17035.67905757331,1983
278,3,18623.051559769563,1983
279,4,18142.765025218305,1983
280,5,18593.752336531164,1983
281,6,18195.311604688064,1983
282,7,18584.202707651035,1983
283,8,18608.46560822046,1983
284,9,18270.801100654382,1983
285,10,18694.91597934033,1983
286,11,18267.103126070255,1983
287,12,18651.366350460197,1983
288,1,18667.62925102962,1984
289,2,17594.06286041265,1984
290,3,18682.957917773358,1984
291,4,18286.77699988885,1984
292,5,18687.408288893228,1984
293,6,18272.079025304723,1984
294,7,18671.858660013095,1984
295,8,18692.121560582524,1984
296,9,18327.568521271045,1984
297,10,18742.57193170239,1984
298,11,16718.870546686914,1984
299,12,17144.022302822257,1984
300,1,17156.285203391686,1985
301,2,16040.448621835116,1985
302,3,18747.610200658924,1985
303,4,18377.540873344897,1985
304,5,18779.060571778788,1985
305,6,18379.886180250356,1985
306,7,18694.81498379019,1985
307,8,18717.71033583243,1985
308,9,18446.321628718175,1985
309,10,18846.437861515515,1985
310,11,18488.924903545154,1985
311,12,18821.1653871986,1985
312,1,18823.060739240842,1986
313,2,17862.57674782713,1986
314,3,18877.673569323248,1986
315,4,18529.852754425963,1986
316,5,18846.401095006335,1986
317,6,18476.456029252942,1986
318,7,18802.128620689415,1986
319,8,18809.02397273166,1986
320,9,18526.89147772076,1986
321,10,18956.751498414742,1986
322,11,18605.494752547736,1986
323,12,18907.47902409782,1986
324,1,18910.374376140062,1987
325,2,17942.903916648815,1987
326,3,17314.972420372436,1987
327,4,16966.40831044018,1987
328,5,17299.699946055516,1987
329,6,16933.011585267155,1987
330,7,17262.427471738603,1987
331,8,17273.322823780847,1987
332,9,16963.44703373497,1987
333,10,17337.050349463923,1987
334,11,18661.05030856195,1987
335,12,19003.77787514701,1987
336,1,18992.673227189254,1988
337,2,18084.7614166378,1988
338,3,19018.303551731344,1988
339,4,18670.99507075379,1988
340,5,19001.031077414424,1988
341,6,18614.598345580773,1988
342,7,18937.758603097514,1988
343,8,18960.653955139755,1988
344,9,18680.033794048584,1988
345,10,19065.38148082284,1988
346,11,18729.637068875567,1988
347,12,19087.109006505914,1988
348,1,19081.00435854816,1989
349,2,18142.082006814195,1989
350,3,19089.631013613754,1989
351,4,18748.578283906787,1989
352,5,19075.35853929684,1989
353,6,18697.181558733766,1989
354,7,19062.08606497992,1989
355,8,19101.98141702216,1989
356,9,18752.61700720158,1989
357,10,19117.70894270524,1989
358,11,18811.22028202856,1989
359,12,19171.43646838833,1989
360,1,19172.331820430572,1990
361,2,18198.469963518866,1990
362,3,19188.944650512978,1990
363,4,18817.14813290937,1990
364,5,19157.672176196054,1990
365,6,18790.75140773635,1990
366,7,19109.399701879145,1990
367,8,19119.295053921385,1990
368,9,18823.186856204164,1990
369,10,19218.022579604472,1990
370,11,17214.790131031143,1990
371,12,17591.75010528755,1990
372,1,17594.645457329796,1991
373,2,16598.10071880371,1991
374,3,17590.243501562167,1991
375,4,17231.703688923586,1991
376,5,17545.971027245243,1991
377,6,17160.306963750565,1991
378,7,17494.69855292833,1991
379,8,17517.59390497057,1991
380,9,17206.742412218373,1991
381,10,17589.321430653654,1991
382,11,17274.345687045356,1991
383,12,17661.048956336734,1991
384,1,17679.94430837898,1992
385,2,16731.478621380786,1992
386,3,17649.574632921078,1992
387,4,17286.290449237196,1992
388,5,17616.302158604158,1992
389,6,17249.893724064175,1992
390,7,17567.02968428724,1992
391,8,17573.438251799216,1992
392,9,17321.317695265603,1992
393,10,17640.59835909513,1992
394,11,17375.37246565165,1992
395,12,17671.758466391046,1992
396,1,17668.3653006093,1993
397,2,16941.860571258698,1993
398,3,17717.443771809325,1993
399,4,17395.95636460871,1993
400,5,17645.60387910524,1993
401,6,17297.01113499476,1993
402,7,17563.763986401158,1993
403,8,17606.370820619413,1993
404,9,17363.61917845846,1993
405,10,17677.53092791533,1993
406,11,17464.67394884451,1993
407,12,17786.69103521124,1993
408,1,17765.297869429498,1994
409,2,16971.541967499372,1994
410,3,17783.36251564634,1994
411,4,17444.24448365116,1994
412,5,17686.522622942255,1994
413,6,17356.2992540372,1994
414,7,17632.682730238168,1994
415,8,17650.289564456427,1994
416,9,17421.907297500908,1994
417,10,17760.44967175234,1994
418,11,17491.96206788695,1994
419,12,17809.609779048256,1994
420,1,17812.216613266515,1995
421,2,16998.420905491395,1995
422,3,17828.266473633317,1995
423,4,15630.518309705229,1995
424,5,15895.426580929225,1995
425,6,15566.57308009128,1995
426,7,17697.58668822514,1995
427,8,17711.193522443402,1995
428,9,17572.872524588627,1995
429,10,17838.569006706708,1995
430,11,17624.227555044345,1995
431,12,17865.00524510918,1995
432,1,17844.244010398572,1996
433,2,17219.410084800307,1996
434,3,17895.61720284944,1996
435,4,17626.074144648985,1996
436,5,17803.05344125191,1996
437,6,17529.42917510471,1996
438,7,17727.489679654373,1996
439,8,17755.728444943765,1996
440,9,17578.9816786735,1996
441,10,17848.164683346233,1996
442,11,17641.336709129224,1996
443,12,17860.6009217487,1996
444,1,17867.839687038093,1997
445,2,17260.248921564944,1997
446,3,17877.206558308968,1997
447,4,17614.177188259862,1997
448,5,17839.642796711432,1997
449,6,17553.53221871558,1997
450,7,17752.0790351139,1997
451,8,17792.317800403292,1997
452,9,17589.08472228437,1997
453,10,17844.75403880576,1997
454,11,17684.439752740094,1997
455,12,17974.190277208225,1997
456,1,17948.429042497613,1998
457,2,17299.694566947463,1998
458,3,17958.794357749604,1998
459,4,17693.27872771914,1998
460,5,17913.230596152065,1998
461,6,17637.63375817486,1998
462,7,17830.666834554537,1998
463,8,17881.90559984393,1998
464,9,17721.186261743653,1998
465,10,18001.341838246397,1998
466,11,17798.541292199377,1998
467,12,18064.778076648858,1998
468,1,18067.016841938253,1999
469,2,17415.97924144591,1999
470,3,18059.367371340202,1999
471,4,17794.365974190052,1999
472,5,17983.80360974266,1999
473,6,17702.721004645766,1999
474,7,17884.23984814513,1999
475,8,17897.47861343452,1999
476,9,17718.273508214563,1999
477,10,18037.620894860833,1999
478,11,17886.10080250687,1999
479,12,18081.277317222353,1999
480,1,18068.119565880752,2000
481,2,17575.579321703342,2000
482,3,18068.739376732734,2000
483,4,17889.08200164971,2000
484,5,18021.395799094254,2000
485,6,17810.68320993252,2000
486,7,17967.052221455768,2000
487,8,17978.89447011417,2000
488,9,17869.098591918435,2000
489,10,18096.55089247569,2000
490,11,17918.69980020123,2000
491,12,18069.20731483721,2000
492,1,18062.04956349561,2001
493,2,17548.564729748974,2001
494,3,16180.64983594657,2001
495,4,16011.662112223075,2001
496,5,16177.306258308075,2001
497,6,16056.263320505881,2001
498,7,16206.962680669596,2001
499,8,16246.804929327998,2001
500,9,17840.678702491794,2001
501,10,18051.46135168951,2001
502,11,17887.279910774592,2001
503,12,16204.117774051028,2001
504,1,16210.960022709434,2002
505,2,15726.082670039576,2002
506,3,16208.571956362526,2002
507,4,17889.253495291847,2002
508,5,18044.228378724045,2002
509,6,17839.854703574645,2002
510,7,17975.88480108556,2002
511,8,18000.727049743964,2002
512,9,17889.270085560565,2002
513,10,18113.383472105485,2002
514,11,17950.87129384336,2002
515,12,18134.039894467,2002
516,1,18153.882143125396,2003
517,2,17703.471819878985,2003
518,3,18162.47929092846,2003
519,4,17954.83058537224,2003
520,5,18103.135713289983,2003
521,6,17889.431793655047,2003
522,7,18046.792135651496,2003
523,8,18063.634384309895,2003
524,9,17937.84717564096,2003
525,10,18169.290806671408,2003
526,11,18018.44838392376,2003
527,12,18197.947229032925,2003
528,1,18253.46440484595,2004
529,2,17858.036926977835,2004
530,3,18187.950988438126,2004
531,4,18036.29605622885,2004
532,5,18086.4546451388,2004
533,6,17899.78292437283,2004
534,7,18032.95830183948,2004
535,8,18057.214398466942,2004
536,9,17969.517352590035,2004
537,10,18153.718055167617,2004
538,11,16219.004220734027,2004
539,12,16355.221711868293,2004
540,1,16376.477808495758,2005
541,2,16047.748990262666,2005
542,3,14459.964392087939,2005
543,4,16150.20901309033,2005
544,5,16209.468048788614,2005
545,6,17884.695881234315,2005
546,7,17988.971705489286,2005
547,8,18053.227802116755,2005
548,9,18016.43030945152,2005
549,10,18166.731458817434,2005
550,11,18052.91717759551,2005
551,12,18201.235115518106,2005
552,1,18228.491212145567,2006
553,2,17922.60882316663,2006
554,3,18183.98945693989,2006
555,4,18013.133242447224,2006
556,5,18119.49311364056,2006
557,6,17953.62011059121,2006
558,7,18028.996770341244,2006
559,8,18057.25286696871,2006
560,9,18019.35453880841,2006
561,10,18198.728817618285,2006
562,11,18157.715419155193,2006
563,12,18254.544463392464,2006
564,1,18265.450723955615,2007
565,2,18152.536101888876,2007
566,3,18249.269494377695,2007
567,4,18113.2714066893,2007
568,5,18155.085140151885,2007
569,6,18076.093197604347,2007
570,7,18133.90078592607,2007
571,8,18181.807046489215,2007
572,9,18191.824373730436,2007
573,10,16528.6226922634,2007
574,11,16473.646164645485,2007
575,12,16600.438338037595,2007
576,1,16644.344598600743,2008
577,2,16415.629991522157,2008
578,3,18312.16649367072,2008
579,4,18206.205172672544,2008
580,5,18230.98213944491,2008
581,6,18138.026963587603,2008
582,7,18188.797785219092,2008
583,8,18196.704045782244,2008
584,9,18186.758139713696,2008
585,10,18315.51969155643,2008
586,11,18292.579930628737,2008
587,12,18401.335337330613,2008
588,1,18439.241597893764,2009
589,2,18230.637290885876,2009
590,3,18407.063492963745,2009
591,4,18289.138938655808,2009
592,5,18280.87913873793,2009
593,6,18174.96072957086,2009
594,7,18231.694784512118,2009
595,8,18256.601045075266,2009
596,9,18245.691905696942,2009
597,10,18355.416690849444,2009
598,11,16553.513696611994,2009
599,12,16651.23233662364,2009
600,1,16687.138597186786,2010
601,2,14769.644590249598,2010
602,3,16655.96049225676,2010
603,4,16550.07270463906,2010
604,5,16585.776138030953,2010
605,6,16468.89449555411,2010
606,7,16537.591783805143,2010
607,8,16590.498044368287,2010
608,9,16560.625671680198,2010
609,10,16618.31369014247,2010
610,11,16574.447462595246,2010
611,12,16688.129335916663,2010
612,1,16684.035596479807,2011
613,2,16554.4153162448,2011
614,3,14841.854366901893,2011
615,4,14759.003450129352,2011
616,5,14790.67001267608,2011
617,6,14683.825241044404,2011
618,7,12846.485658450269,2011
619,8,12884.391919013411,2011
620,9,12858.55641717049,2011
621,10,12933.207564787603,2011
622,11,12887.378208085538,2011
623,12,12967.02321056179,2011
624,1,12956.929471124935,2012
625,2,12767.65637679393,2012
626,3,12969.751366194918,2012
627,4,12894.937216112605,2012
628,5,12925.567011969099,2012
629,6,12819.759007027656,2012
630,7,12874.382657743285,2012
631,8,12906.288918306442,2012
632,9,12874.490183153746,2012
633,10,12950.104564080626,2012
634,11,12909.311974068796,2012
635,12,12992.920209854814,2012
636,1,11149.826470417958,2013
637,2,12833.663676157654,2013
638,3,12999.64836548794,2013
639,4,14742.870982095867,2013
640,5,14758.464011262131,2013
641,6,14683.69277301091,2013
642,7,14749.279657036313,2013
643,8,14749.185917599461,2013
644,9,14709.423949137,2013
645,10,14833.001563373646,2013
646,11,14825.24574005205,2013
647,12,14894.999999999996,2013
648,1,14890.000000000004,2014
649,2,14904.999999999998,2014
650,3,14911.999999999996,2014
651,4,14870.999999999998,2014
652,5,14872.0,2014
653,6,14878.000000000004,2014
654,7,14778.999999999996,2014
655,8,14813.999999999996,2014
656,9,14937.0,2014
657,10,14971.999999999996,2014
658,11,14999.000000000007,2014
659,12,15062.999999999996,2014
660,1,15056.999999999996,2015
661,2,15045.0,2015
662,3,15041.999999999996,2015
663,4,14963.999999999996,2015
664,5,14953.000000000004,2015
665,6,14924.999999999996,2015
666,7,14849.000000000004,2015
667,8,14938.000000000002,2015
668,9,15033.999999999996,2015
669,10,14990.000000000004,2015
670,11,15007.999999999998,2015
671,12,15083.999999999993,2015
672,1,15114.000000000002,2016
673,2,15103.0,2016
674,3,15071.999999999996,2016
675,4,15055.0,2016
676,5,15032.000000000007,2016
677,6,15000.999999999998,2016
678,7,15050.999999999998,2016
679,8,15117.0,2016
680,9,15113.0,2016
681,10,13287.999999999996,2016
682,11,13301.0,2016
683,12,13355.999999999995,2016
684,1,13382.999999999998,2017
685,2,15153.000000000002,2017
686,3,15121.999999999996,2017
687,4,15065.0,2017
688,5,15009.0,2017
689,6,14957.000000000004,2017
690,7,14953.000000000002,2017
691,8,15022.000000000004,2017
692,9,15088.000000000004,2017
693,10,15110.0,2017
694,11,15151.999999999996,2017
695,12,15175.0,2017
696,1,15165.000000000002,2018
697,2,15185.0,2018
698,3,15172.999999999993,2018
699,4,15143.999999999998,2018
700,5,15132.0,2018
701,6,15067.999999999996,2018
702,7,14969.0,2018
703,8,15018.000000000004,2018
704,9,15160.0,2018
705,10,15209.999999999996,2018
706,11,15224.0,2018
707,12,15270.0,2018

